# LDC solution 
# nx      = 101
# dt      = 0.005
# visc    = 0.001
# n       = 21708
# t_final = 108.54
#  y           u 
0.00000    0.00000
0.01000    -0.03509
0.02000    -0.06725
0.03000    -0.09689
0.04000    -0.12447
0.05000    -0.15051
0.06000    -0.17551
0.07000    -0.19986
0.08000    -0.22373
0.09000    -0.24708
0.10000    -0.26963
0.11000    -0.29095
0.12000    -0.31054
0.13000    -0.32786
0.14000    -0.34244
0.15000    -0.35389
0.16000    -0.36197
0.17000    -0.36659
0.18000    -0.36782
0.19000    -0.36590
0.20000    -0.36117
0.21000    -0.35408
0.22000    -0.34510
0.23000    -0.33474
0.24000    -0.32345
0.25000    -0.31163
0.26000    -0.29960
0.27000    -0.28763
0.28000    -0.27587
0.29000    -0.26444
0.30000    -0.25337
0.31000    -0.24268
0.32000    -0.23233
0.33000    -0.22229
0.34000    -0.21250
0.35000    -0.20290
0.36000    -0.19344
0.37000    -0.18407
0.38000    -0.17477
0.39000    -0.16549
0.40000    -0.15622
0.41000    -0.14693
0.42000    -0.13763
0.43000    -0.12829
0.44000    -0.11893
0.45000    -0.10953
0.46000    -0.10009
0.47000    -0.09062
0.48000    -0.08112
0.49000    -0.07159
0.50000    -0.06202
0.51000    -0.05242
0.52000    -0.04278
0.53000    -0.03310
0.54000    -0.02339
0.55000    -0.01363
0.56000    -0.00383
0.57000    0.00602
0.58000    0.01592
0.59000    0.02588
0.60000    0.03590
0.61000    0.04600
0.62000    0.05616
0.63000    0.06641
0.64000    0.07675
0.65000    0.08718
0.66000    0.09772
0.67000    0.10838
0.68000    0.11917
0.69000    0.13010
0.70000    0.14117
0.71000    0.15240
0.72000    0.16379
0.73000    0.17535
0.74000    0.18709
0.75000    0.19898
0.76000    0.21104
0.77000    0.22322
0.78000    0.23552
0.79000    0.24788
0.80000    0.26025
0.81000    0.27257
0.82000    0.28475
0.83000    0.29670
0.84000    0.30831
0.85000    0.31947
0.86000    0.33004
0.87000    0.33990
0.88000    0.34893
0.89000    0.35704
0.90000    0.36430
0.91000    0.37105
0.92000    0.37826
0.93000    0.38807
0.94000    0.40449
0.95000    0.43399
0.96000    0.48530
0.97000    0.56757
0.98000    0.68615
0.99000    0.83650
1.00000    1.00000
