# LDC solution 
# nx      = 51
# dt      = 0.005
# visc    = 0.001
# n       = 16552
# t_final = 82.76
#  y           u 
0.00000    0.00000
0.02000    -0.04392
0.04000    -0.08315
0.06000    -0.11994
0.08000    -0.15614
0.10000    -0.19233
0.12000    -0.22736
0.14000    -0.25887
0.16000    -0.28408
0.18000    -0.30067
0.20000    -0.30744
0.22000    -0.30465
0.24000    -0.29387
0.26000    -0.27750
0.28000    -0.25804
0.30000    -0.23753
0.32000    -0.21730
0.34000    -0.19797
0.36000    -0.17966
0.38000    -0.16218
0.40000    -0.14525
0.42000    -0.12861
0.44000    -0.11205
0.46000    -0.09546
0.48000    -0.07875
0.50000    -0.06190
0.52000    -0.04490
0.54000    -0.02773
0.56000    -0.01039
0.58000    0.00715
0.60000    0.02491
0.62000    0.04293
0.64000    0.06127
0.66000    0.07998
0.68000    0.09911
0.70000    0.11873
0.72000    0.13886
0.74000    0.15947
0.76000    0.18047
0.78000    0.20165
0.80000    0.22270
0.82000    0.24314
0.84000    0.26239
0.86000    0.27975
0.88000    0.29452
0.90000    0.30628
0.92000    0.31702
0.94000    0.33975
0.96000    0.41798
0.98000    0.63040
1.00000    1.00000
