# LDC solution 
# nx      = 151
# dt      = 0.005
# visc    = 0.001
# n       = 30595
# t_final = 152.975
#  y           u 
0.00000    0.00000
0.00667    -0.02554
0.01333    -0.04956
0.02000    -0.07218
0.02667    -0.09354
0.03333    -0.11378
0.04000    -0.13306
0.04667    -0.15155
0.05333    -0.16944
0.06000    -0.18686
0.06667    -0.20395
0.07333    -0.22076
0.08000    -0.23731
0.08667    -0.25357
0.09333    -0.26945
0.10000    -0.28483
0.10667    -0.29956
0.11333    -0.31348
0.12000    -0.32640
0.12667    -0.33818
0.13333    -0.34865
0.14000    -0.35770
0.14667    -0.36522
0.15333    -0.37114
0.16000    -0.37543
0.16667    -0.37809
0.17333    -0.37916
0.18000    -0.37872
0.18667    -0.37685
0.19333    -0.37369
0.20000    -0.36937
0.20667    -0.36405
0.21333    -0.35789
0.22000    -0.35104
0.22667    -0.34365
0.23333    -0.33587
0.24000    -0.32782
0.24667    -0.31961
0.25333    -0.31135
0.26000    -0.30310
0.26667    -0.29493
0.27333    -0.28688
0.28000    -0.27898
0.28667    -0.27126
0.29333    -0.26371
0.30000    -0.25634
0.30667    -0.24915
0.31333    -0.24211
0.32000    -0.23522
0.32667    -0.22846
0.33333    -0.22180
0.34000    -0.21524
0.34667    -0.20876
0.35333    -0.20233
0.36000    -0.19595
0.36667    -0.18961
0.37333    -0.18328
0.38000    -0.17697
0.38667    -0.17067
0.39333    -0.16437
0.40000    -0.15806
0.40667    -0.15175
0.41333    -0.14542
0.42000    -0.13909
0.42667    -0.13274
0.43333    -0.12637
0.44000    -0.12000
0.44667    -0.11360
0.45333    -0.10720
0.46000    -0.10078
0.46667    -0.09434
0.47333    -0.08789
0.48000    -0.08143
0.48667    -0.07495
0.49333    -0.06846
0.50000    -0.06196
0.50667    -0.05544
0.51333    -0.04890
0.52000    -0.04235
0.52667    -0.03579
0.53333    -0.02921
0.54000    -0.02261
0.54667    -0.01599
0.55333    -0.00935
0.56000    -0.00269
0.56667    0.00399
0.57333    0.01069
0.58000    0.01742
0.58667    0.02418
0.59333    0.03096
0.60000    0.03777
0.60667    0.04462
0.61333    0.05149
0.62000    0.05840
0.62667    0.06535
0.63333    0.07234
0.64000    0.07937
0.64667    0.08644
0.65333    0.09356
0.66000    0.10073
0.66667    0.10796
0.67333    0.11524
0.68000    0.12258
0.68667    0.12998
0.69333    0.13745
0.70000    0.14499
0.70667    0.15260
0.71333    0.16028
0.72000    0.16805
0.72667    0.17589
0.73333    0.18381
0.74000    0.19181
0.74667    0.19990
0.75333    0.20806
0.76000    0.21629
0.76667    0.22459
0.77333    0.23295
0.78000    0.24137
0.78667    0.24982
0.79333    0.25830
0.80000    0.26678
0.80667    0.27525
0.81333    0.28369
0.82000    0.29206
0.82667    0.30033
0.83333    0.30848
0.84000    0.31647
0.84667    0.32427
0.85333    0.33182
0.86000    0.33910
0.86667    0.34606
0.87333    0.35266
0.88000    0.35887
0.88667    0.36467
0.89333    0.37005
0.90000    0.37508
0.90667    0.37987
0.91333    0.38467
0.92000    0.38990
0.92667    0.39629
0.93333    0.40491
0.94000    0.41729
0.94667    0.43545
0.95333    0.46185
0.96000    0.49920
0.96667    0.55003
0.97333    0.61610
0.98000    0.69761
0.98667    0.79241
0.99333    0.89562
1.00000    1.00000
